0000000   17791   17996   00258   00001   00000   00000   00000   00000
0000010   00003   00062   00001   00000   04192   00000   00000   00000
0000020   00064   00000   00000   00000   17248   00000   00000   00000
0000030   00000   00000   00064   00056   00013   00064   00036   00035
0000040   00006   00000   00004   00000   00064   00000   00000   00000
0000050   00064   00000   00000   00000   00064   00000   00000   00000
0000060   00728   00000   00000   00000   00728   00000   00000   00000
0000070   00008   00000   00000   00000   00003   00000   00004   00000
0000080   00792   00000   00000   00000   00792   00000   00000   00000
0000090   00792   00000   00000   00000   00028   00000   00000   00000
00000a0   00028   00000   00000   00000   00001   00000   00000   00000
00000b0   00001   00000   00004   00000   00000   00000   00000   00000
00000c0   00000   00000   00000   00000   00000   00000   00000   00000
00000d0   01528   00000   00000   00000   01528   00000   00000   00000
00000e0   04096   00000   00000   00000   00001   00000   00005   00000
00000f0   04096   00000   00000   00000   04096   00000   00000   00000
0000100   04096   00000   00000   00000   00501   00000   00000   00000
0000110   00501   00000   00000   00000   04096   00000   00000   00000
0000120   00001   00000   00004   00000   08192   00000   00000   00000
0000130   08192   00000   00000   00000   08192   00000   00000   00000
0000140   00352   00000   00000   00000   00352   00000   00000   00000
0000150   04096   00000   00000   00000   00001   00000   00006   00000
0000160   11704   00000   00000   00000   15800   00000   00000   00000
0000170   15800   00000   00000   00000   00600   00000   00000   00000
0000180   00608   00000   00000   00000   04096   00000   00000   00000
0000190   00002   00000   00006   00000   11720   00000   00000   00000
00001a0   15816   00000   00000   00000   15816   00000   00000   00000
00001b0   00496   00000   00000   00000   00496   00000   00000   00000
00001c0   00008   00000   00000   00000   00004   00000   00004   00000
00001d0   00824   00000   00000   00000   00824   00000   00000   00000
00001e0   00824   00000   00000   00000   00032   00000   00000   00000
00001f0   00032   00000   00000   00000   00008   00000   00000   00000
0000200   00004   00000   00004   00000   00856   00000   00000   00000
0000210   00856   00000   00000   00000   00856   00000   00000   00000
0000220   00068   00000   00000   00000   00068   00000   00000   00000
0000230   00004   00000   00000   00000   58707   25716   00004   00000
0000240   00824   00000   00000   00000   00824   00000   00000   00000
0000250   00824   00000   00000   00000   00032   00000   00000   00000
0000260   00032   00000   00000   00000   00008   00000   00000   00000
0000270   58704   25716   00004   00000   08212   00000   00000   00000
0000280   08212   00000   00000   00000   08212   00000   00000   00000
0000290   00068   00000   00000   00000   00068   00000   00000   00000
00002a0   00004   00000   00000   00000   58705   25716   00006   00000
00002b0   00000   00000   00000   00000   00000   00000   00000   00000
*
00002d0   00000   00000   00000   00000   00016   00000   00000   00000
00002e0   58706   25716   00004   00000   11704   00000   00000   00000
00002f0   15800   00000   00000   00000   15800   00000   00000   00000
0000300   00584   00000   00000   00000   00584   00000   00000   00000
0000310   00001   00000   00000   00000   27695   25193   13366   27695
0000320   11620   26988   30062   11640   14456   11574   13366   29486
0000330   11887   00050   00000   00000   00004   00000   00016   00000
0000340   00005   00000   20039   00085   00002   49152   00004   00000
0000350   00003   00000   00000   00000   00004   00000   00020   00000
0000360   00003   00000   20039   00085   51796   49855   53879   18963
0000370   64732   22291   38754   43847   62463   50910   00004   00000
0000380   00016   00000   00001   00000   20039   00085   00000   00000
0000390   00003   00000   00002   00000   00000   00000   00000   00000
00003a0   00002   00000   00006   00000   00001   00000   00006   00000
00003b0   00000   00129   00000   00000   00006   00000   00000   00000
00003c0   26065   28110   00000   00000   00000   00000   00000   00000
00003d0   00000   00000   00000   00000   00000   00000   00000   00000
00003e0   00061   00000   00032   00000   00000   00000   00000   00000
00003f0   00000   00000   00000   00000   00011   00000   00018   00000
0000400   00000   00000   00000   00000   00000   00000   00000   00000
0000410   00031   00000   00018   00000   00000   00000   00000   00000
0000420   00000   00000   00000   00000   00089   00000   00032   00000
0000430   00000   00000   00000   00000   00000   00000   00000   00000
0000440   00104   00000   00032   00000   00000   00000   00000   00000
0000450   00000   00000   00000   00000   00016   00000   00034   00000
0000460   00000   00000   00000   00000   00000   00000   00000   00000
0000470   27648   25193   11875   28531   13870   28672   29813   00115
0000480   24415   30819   24417   26982   24942   26988   25978   24320
0000490   27743   25193   24419   29811   29281   24436   24941   28265
00004a0   18176   18764   17218   12895   12846   13614   24320   21577
00004b0   24397   25956   25970   26983   29811   29285   19796   27715
00004c0   28271   21605   25185   25964   24320   26463   28525   24430
00004d0   29811   29281   24436   00095   18783   19796   29279   26469
00004e0   29545   25972   21618   17229   28524   25966   24916   27746
00004f0   00101   00000   00000   00002   00002   00000   00000   00002
0000500   00001   00001   00001   00000   00016   00000   00000   00000
0000510   06773   02409   00000   00002   00049   00000   00000   00000
0000520   15800   00000   00000   00000   00008   00000   00000   00000
0000530   04416   00000   00000   00000   15808   00000   00000   00000
0000540   00008   00000   00000   00000   04352   00000   00000   00000
0000550   16392   00000   00000   00000   00008   00000   00000   00000
0000560   16392   00000   00000   00000   16344   00000   00000   00000
0000570   00006   00000   00001   00000   00000   00000   00000   00000
0000580   16352   00000   00000   00000   00006   00000   00003   00000
0000590   00000   00000   00000   00000   16360   00000   00000   00000
00005a0   00006   00000   00004   00000   00000   00000   00000   00000
00005b0   16368   00000   00000   00000   00006   00000   00005   00000
00005c0   00000   00000   00000   00000   16376   00000   00000   00000
00005d0   00006   00000   00006   00000   00000   00000   00000   00000
00005e0   16336   00000   00000   00000   00007   00000   00002   00000
00005f0   00000   00000   00000   00000   00000   00000   00000   00000
*
0001000   04083   64030   33608   02284   35656   55557   00047   18432
0001010   49285   00628   53503   33608   02244   00195   00000   00000
0001020   13823   12186   00000   65522   39717   00047   03840   00031
0001030   04083   64030   00104   00000   61952   57833   65535   37119
0001040   04083   64030   65522   44325   00047   03840   17439   00000
0001050   04083   64030   65522   29989   00047   03840   17439   00000
0001060   04083   64030   60721   35145   24273   35144   18658   58499
0001070   20720   19540   01421   00358   00000   36168   61197   00000
0001080   18432   15757   00193   00000   05631   12114   00000   37108
0001090   36168   31037   00047   18432   01421   12146   00000   14664
00010a0   29944   18453   01419   12078   00000   34120   29888   65289
00010b0   04064   32799   00000   00000   04035   32799   00000   00000
00010c0   36168   18749   00047   18432   13709   12098   00000   10568
00010d0   18686   61577   49480   16366   49480   01016   00328   18630
00010e0   65233   05236   35656   01285   00047   18432   49285   02164
00010f0   57599   03942   17439   00000   04035   32799   00000   00000
0001100   04083   64030   15744   12037   00000   29952   21803   33608
0001110   57917   00046   00000   35144   29925   18444   15755   12006
0001120   00000   06632   65535   59647   65380   65535   01478   11997
0001130   00000   23809   04035   00031   04035   32799   00000   00000
0001140   04083   64030   30697   65535   62463   07695   22010   35144
0001150   18661   15757   03756   00000   62440   65534   47359   00000
0001160   00000   50013   11878   07951   00132   00000   00000   36966
0001170   04083   64030   22337   36172   15165   00044   16640   18774
0001180   54921   21825   35145   16885   16724   64649   18517   11661
0001190   11308   00000   19539   64809   33608   02284   24552   65534
00011a0   18687   64961   29699   12575   04059   32799   00000   00000
00011b0   35148   19698   61065   35140   16871   05375   18655   50051
00011c0   18433   56633   60021   33608   02244   23899   23617   23873
00011d0   24129   24385   26307   11878   07951   00132   00000   00000
00011e0   04083   64030   00195   00000   04083   64030   33608   02284
00011f0   33608   02244   00195   00000   00000   00000   00000   00000
0001200   00000   00000   00000   00000   00000   00000   00000   00000
*
0002000   00001   00002   24897   25154   25411   25668   17696   08293
0002010   26182   00000   06913   15107   00064   00000   00007   00000
0002020   61452   65535   00116   00000   61484   65535   00156   00000
0002030   61500   65535   00180   00000   61516   65535   00092   00000
0002040   61749   65535   00204   00000   61788   65535   00236   00000
0002050   61900   65535   00308   00000   00020   00000   00000   00000
0002060   31233   00082   30721   00272   03099   02055   00400   00000
0002070   00020   00000   00028   00000   61416   65535   00047   00000
0002080   17408   04103   00000   00000   00036   00000   00052   00000
0002090   61328   65535   00032   00000   03584   17936   06158   03914
00020a0   30475   32776   16128   14874   13098   08740   00000   00000
00020b0   00020   00000   00092   00000   61320   65535   00016   00000
00020c0   00000   00000   00000   00000   00020   00000   00116   00000
00020d0   61312   65535   00016   00000   00000   00000   00000   00000
00020e0   00028   00000   00140   00000   61537   65535   00027   00000
00020f0   17664   04110   00646   03395   20998   01804   00008   00000
0002100   00068   00000   00172   00000   61544   65535   00101   00000
0002110   17920   04110   00655   03657   36376   17667   08206   01165
0002120   03653   35880   17413   12302   01670   03656   33592   18183
0002130   16398   03694   16696   12302   03649   16936   08206   03650
0002140   16920   04110   03650   00008   00016   00000   00244   00000
0002150   61584   65535   00005   00000   00000   00000   00000   00000
0002160   00000   00000   00000   00000   00000   00000   00000   00000
*
0002db0   00000   00000   00000   00000   04416   00000   00000   00000
0002dc0   04352   00000   00000   00000   00001   00000   00000   00000
0002dd0   00001   00000   00000   00000   00012   00000   00000   00000
0002de0   04096   00000   00000   00000   00013   00000   00000   00000
0002df0   04584   00000   00000   00000   00025   00000   00000   00000
0002e00   15800   00000   00000   00000   00027   00000   00000   00000
0002e10   00008   00000   00000   00000   00026   00000   00000   00000
0002e20   15808   00000   00000   00000   00028   00000   00000   00000
0002e30   00008   00000   00000   00000   65269   28671   00000   00000
0002e40   00928   00000   00000   00000   00005   00000   00000   00000
0002e50   01136   00000   00000   00000   00006   00000   00000   00000
0002e60   00968   00000   00000   00000   00010   00000   00000   00000
0002e70   00130   00000   00000   00000   00011   00000   00000   00000
0002e80   00024   00000   00000   00000   00021   00000   00000   00000
0002e90   00000   00000   00000   00000   00003   00000   00000   00000
0002ea0   16312   00000   00000   00000   00002   00000   00000   00000
0002eb0   00024   00000   00000   00000   00020   00000   00000   00000
0002ec0   00007   00000   00000   00000   00023   00000   00000   00000
0002ed0   01504   00000   00000   00000   00007   00000   00000   00000
0002ee0   01312   00000   00000   00000   00008   00000   00000   00000
0002ef0   00192   00000   00000   00000   00009   00000   00000   00000
0002f00   00024   00000   00000   00000   00030   00000   00000   00000
0002f10   00008   00000   00000   00000   65531   28671   00000   00000
0002f20   00001   02048   00000   00000   65534   28671   00000   00000
0002f30   01280   00000   00000   00000   65535   28671   00000   00000
0002f40   00001   00000   00000   00000   65520   28671   00000   00000
0002f50   01266   00000   00000   00000   65529   28671   00000   00000
0002f60   00003   00000   00000   00000   00000   00000   00000   00000
0002f70   00000   00000   00000   00000   00000   00000   00000   00000
*
0002fb0   00000   00000   00000   00000   15816   00000   00000   00000
0002fc0   00000   00000   00000   00000   00000   00000   00000   00000
0002fd0   04144   00000   00000   00000   00000   00000   00000   00000
0002fe0   00000   00000   00000   00000   00000   00000   00000   00000
*
0003000   00000   00000   00000   00000   16392   00000   00000   00000
0003010   17223   14915   10272   25173   28277   30068   14624   13358
0003020   12334   12589   25205   28277   30068   32305   12338   12334
0003030   11828   10545   14624   13358   12334   11264   00000   00512
0003040   00000   00000   02048   00000   00000   18688   00017   00000
0003050   00000   06912   00000   00000   00000   00000   00000   00000
0003060   00000   00000   00000   00000   00000   49408   00003   01024
0003070   00000   00000   02048   03585   00000   03072   00584   00000
0003080   00512   00000   04425   00000   00000   00000   00027   00000
0003090   00000   00000   00000   00000   51970   00000   00512   06097
00030a0   00057   00000   02051   41735   00001   01024   01284   28265
00030b0   00116   01027   43015   00001   00768   01288   00324   00000
00030c0   02051   16133   00001   00768   02049   00400   00000   00515
00030d0   13575   00002   00768   01537   00402   00000   00515   49413
00030e0   00000   00512   00650   00000   38915   19993   00000   00512
00030f0   00605   00000   39171   19995   00000   01280   01544   38920
0003100   00000   00768   01537   00409   00000   38919   00000   00768
0003110   01800   00414   00000   41480   00000   55296   12548   12808
0003120   00002   02304   00233   00000   13060   16391   00000   00000
0003130   64009   00002   01024   02358   00146   00000   02312   00285
0003140   00000   14084   37385   00000   04096   48137   00002   01024
0003150   02360   00146   00000   02328   00373   00000   14596   37385
0003160   00000   08192   56073   00000   01024   02362   00146   00000
0003170   02344   00591   00000   15108   37385   00000   12288   61449
0003180   00000   01024   02364   00146   00000   02360   00474   00000
0003190   15620   37385   00000   16384   55561   00002   01024   02368
00031a0   00146   00000   02376   00658   00000   16644   37385   00000
00031b0   20480   46089   00000   01024   02370   00146   00000   02392
00031c0   00276   00000   17412   19222   00002   24576   28425   00002
00031d0   01024   05190   00593   00000   02408   00615   00000   18436
00031e0   16391   00000   28672   43017   00002   01024   01865   00064
00031f0   00000   02420   00388   00000   18948   30731   00000   30720
0003200   26889   00001   01024   04685   00099   00000   02432   00714
0003210   00000   19972   27151   00000   33280   49161   00001   01024
0003220   02127   00599   00000   02435   00344   00000   20740   26383
0003230   00002   34816   34825   00001   01024   03417   00132   00000
0003240   02448   00691   00000   23300   29207   00002   38912   30985
0003250   00002   01024   06492   00637   00000   02464   00491   00000
0003260   23812   20756   00002   43008   64777   00000   01024   02398
0003270   00144   00000   02480   00505   00000   24324   11530   00000
0003280   47104   33801   00002   01024   01888   00064   00000   02496
0003290   00458   00000   25092   33544   00002   50176   00512   00166
00032a0   00000   01797   43801   00000   02560   00782   00000   11012
00032b0   02830   00437   00000   02054   00582   00000   02054   00171
00032c0   00000   38924   00000   26368   00002   03328   00057   00000
00032d0   00000   02054   00574   00000   45067   00002   01536   27912
00032e0   00002   02816   00630   00000   02054   00632   00000   38924
00032f0   00000   37632   00002   03328   00057   00000   00019   41486
0003300   00002   01536   03721   00671   00000   02054   00562   00000
0003310   01806   00003   01536   03722   00671   00000   14350   00001
0003320   01536   03723   00671   00000   43790   00000   01792   03098
0003330   00064   00000   57100   00002   54272   00002   03840   01792
0003340   00713   00000   02054   00159   00000   55559   00002   03584
0003350   00743   00000   06919   54298   00002   04096   00266   00000
0003360   07944   03842   00765   00000   02054   00146   00000   01806
0003370   00000   02304   03620   00146   00000   00014   00000   02304
0003380   03122   00064   00000   54030   00001   02304   03127   00064
0003390   00000   62222   00002   02304   03131   00064   00000   37388
00033a0   00000   17152   00003   03328   00057   00000   00001   53774
00033b0   00000   02560   03743   00819   00000   24078   00001   02560
00033c0   03232   00064   00000   19726   00001   02560   04513   00078
00033d0   00000   54286   00000   02560   03750   00819   00000   24590
00033e0   00001   02560   03246   00064   00000   20238   00001   02560
00033f0   04527   00078   00000   01027   12804   00001   00768   01032
0003400   00155   00000   10768   00001   02816   00773   16396   00000
0003410   04352   00486   00000   02561   16389   00000   18688   00017
0003420   00000   00000   06912   00000   00000   00000   00256   00156
0003430   04353   09473   04878   00779   06926   04366   04609   04103
0003440   00023   00512   00022   03587   02874   02875   02873   04937
0003450   00000   09219   02816   15883   00779   00014   01024   00036
0003460   02827   02878   02051   00000   03845   02816   00011   01536
0003470   00015   02827   04937   00000   09735   18688   00019   02048
0003480   00275   03587   02827   02874   02875   02873   04865   00000
0003490   03337   00768   14862   15115   14603   18699   14355   00011
00034a0   02560   00022   03587   02874   02875   02873   00000   04875
00034b0   00768   15374   00025   03072   00257   04937   04865   00000
00034c0   08461   18688   12051   00011   03584   00052   03587   02874
00034d0   02875   02873   04937   06463   06460   00000   08463   00000
00034e0   04096   00052   03587   02874   01339   02873   04937   06463
00034f0   06460   00000   11793   16128   00793   14862   15115   14603
0003500   09995   18713   04371   04609   16391   38424   06466   00000
0003510   16640   00001   00768   07424   00001   00256   64257   03342
0003520   00256   00257   00001   00000   00001   00256   29999   29299
0003530   27695   25193   26415   25443   30767   13880   13919   11572
0003540   26988   30062   11640   28263   12149   12089   28265   27747
0003550   25717   00101   29999   29299   26927   25454   30060   25956
0003560   30767   13880   13919   11572   26988   30062   11640   28263
0003570   12149   26978   29556   12032   29557   12146   28265   27747
0003580   25717   12133   14456   24374   13366   27693   28265   30837
0003590   26413   30062   25135   29801   12147   31092   25968   00115
00035a0   29999   29299   26927   25454   30060   25956   00000   24941
00035b0   28265   25390   00000   00000   29811   25700   26213   26670
00035c0   00256   00000   31092   25968   11891   00104   00002   29440
00035d0   29300   25461   24436   18758   17740   26670   00768   00000
00035e0   18758   17740   26670   00768   00000   29811   26980   11887
00035f0   00104   00004   29440   29561   25951   29298   26988   29811
0003600   26670   00512   00000   28277   29545   25716   26670   01024
0003610   00000   25959   28532   29808   25439   29295   11877   00104
0003620   00002   29696   28009   11877   00104   00004   27904   29793
0003630   11880   00104   00004   00000   00261   02304   18690   00017
0003640   00000   00000   00768   00266   01285   01411   47884   00261
0003650   00601   00002   00257   28783   26996   25710   28416   29808
0003660   29281   00103   20039   08277   12611   08247   11833   11828
0003670   08240   27949   30068   25966   26429   28261   29285   25449
0003680   11552   24941   25458   15720   14456   11574   13366   11552
0003690   08295   26157   29537   28281   26723   28530   28526   29557
00036a0   29997   30574   28265   11620   24948   27746   29541   11552
00036b0   29542   24948   27491   28717   28530   25972   29795   29295
00036c0   29485   29300   28271   08295   26157   29811   25441   11627
00036d0   27747   29537   11624   29296   29807   25445   26996   28271
00036e0   11552   25446   11622   29296   29807   25445   26996   28271
00036f0   25600   30063   27746   00101   18783   24399   18758   17740
0003700   29440   29561   28255   29285   00114   18783   24399   24947
0003710   25974   25951   25710   29440   28520   29810   26912   29806
0003720   29440   31337   24421   00116   24415   31348   24942   25965
0003730   24320   20297   30559   26994   25972   28767   29300   24320
0003740   27750   26465   00115   18783   24399   30050   24422   24930
0003750   25971   24320   29286   25957   25970   24435   30050   00102
0003760   24415   28261   26998   28530   00110   27999   29281   25963
0003770   29554   24320   20297   29279   24933   24420   28261   00100
0003780   26995   28263   24935   00109   27750   24943   00116   29811
0003790   25956   29298   27648   28271   08295   28524   26478   26912
00037a0   29806   24320   29791   28009   31333   28271   00101   27743
00037b0   25455   00107   24415   24932   27769   26473   29800   24320
00037c0   30051   24434   28515   30060   28269   24320   20297   30559
00037d0   26994   25972   25183   29537   00101   28511   25708   28511
00037e0   26214   25971   00116   28277   26995   28263   25701   25376
00037f0   24936   00114   28524   26478   27680   28271   08295   28277
0003800   26995   28263   25701   26912   29806   24320   20297   27999
0003810   29281   25963   00114   29535   28520   29810   30050   00102
0003820   30047   30062   25971   12900   28416   29808   29285   00114
0003830   18783   24399   30050   24422   28261   00100   24941   28265
0003840   24320   29286   25957   25970   24435   26988   29811   24320
0003850   28767   25697   00053   26671   28015   12133   27503   28271
0003860   28526   12146   28773   29801   25445   12136   27747   31073
0003870   28525   25970   17199   27693   24933   28274   28265   12135
0003880   24935   25965   26207   27753   29541   29440   28520   29810
0003890   29984   29550   26473   25966   08292   28265   00116   24941
00038a0   28265   25390   24320   20297   30559   26994   25972   25951
00038b0   25710   24320   28511   26214   13366   29791   24320   26982
00038c0   25964   28526   24320   26723   26977   00110   18783   24399
00038d0   26999   25956   25695   29793   00097   27999   25711   00101
00038e0   24415   26223   24422   00116   18783   24399   24930   27491
00038f0   28789   25183   29537   00101   29811   26980   00110   26207
0003900   24940   29543   00050   18783   24399   28515   25956   30307
0003910   00116   18783   24399   25970   25697   25183   29537   00101
0003920   30303   24948   27746   24421   26223   29542   29797   24320
0003930   20297   29535   30305   24421   24930   25971   29440   29561
0003940   25951   29298   26988   29811   28416   29808   28783   00116
0003950   18783   24399   25970   25697   28767   29300   29440   25716
0003960   30063   00116   18783   24399   28524   27491   29791   00000
0003970   00000   00000   00000   00000   00000   00000   00000   00000
0003980   00000   00000   00000   00000   00000   00000   00003   00001
0003990   00792   00000   00000   00000   00000   00000   00000   00000
00039a0   00000   00000   00003   00002   00824   00000   00000   00000
00039b0   00000   00000   00000   00000   00000   00000   00003   00003
00039c0   00856   00000   00000   00000   00000   00000   00000   00000
00039d0   00000   00000   00003   00004   00892   00000   00000   00000
00039e0   00000   00000   00000   00000   00000   00000   00003   00005
00039f0   00928   00000   00000   00000   00000   00000   00000   00000
0003a00   00000   00000   00003   00006   00968   00000   00000   00000
0003a10   00000   00000   00000   00000   00000   00000   00003   00007
0003a20   01136   00000   00000   00000   00000   00000   00000   00000
0003a30   00000   00000   00003   00008   01266   00000   00000   00000
0003a40   00000   00000   00000   00000   00000   00000   00003   00009
0003a50   01280   00000   00000   00000   00000   00000   00000   00000
0003a60   00000   00000   00003   00010   01312   00000   00000   00000
0003a70   00000   00000   00000   00000   00000   00000   00003   00011
0003a80   01504   00000   00000   00000   00000   00000   00000   00000
0003a90   00000   00000   00003   00012   04096   00000   00000   00000
0003aa0   00000   00000   00000   00000   00000   00000   00003   00013
0003ab0   04128   00000   00000   00000   00000   00000   00000   00000
0003ac0   00000   00000   00003   00014   04160   00000   00000   00000
0003ad0   00000   00000   00000   00000   00000   00000   00003   00015
0003ae0   04176   00000   00000   00000   00000   00000   00000   00000
0003af0   00000   00000   00003   00016   04192   00000   00000   00000
0003b00   00000   00000   00000   00000   00000   00000   00003   00017
0003b10   04584   00000   00000   00000   00000   00000   00000   00000
0003b20   00000   00000   00003   00018   08192   00000   00000   00000
0003b30   00000   00000   00000   00000   00000   00000   00003   00019
0003b40   08212   00000   00000   00000   00000   00000   00000   00000
0003b50   00000   00000   00003   00020   08280   00000   00000   00000
0003b60   00000   00000   00000   00000   00000   00000   00003   00021
0003b70   15800   00000   00000   00000   00000   00000   00000   00000
0003b80   00000   00000   00003   00022   15808   00000   00000   00000
0003b90   00000   00000   00000   00000   00000   00000   00003   00023
0003ba0   15816   00000   00000   00000   00000   00000   00000   00000
0003bb0   00000   00000   00003   00024   16312   00000   00000   00000
0003bc0   00000   00000   00000   00000   00000   00000   00003   00025
0003bd0   16384   00000   00000   00000   00000   00000   00000   00000
0003be0   00000   00000   00003   00026   16400   00000   00000   00000
0003bf0   00000   00000   00000   00000   00000   00000   00003   00027
0003c00   00000   00000   00000   00000   00000   00000   00000   00000
0003c10   00000   00000   00003   00028   00000   00000   00000   00000
0003c20   00000   00000   00000   00000   00000   00000   00003   00029
0003c30   00000   00000   00000   00000   00000   00000   00000   00000
0003c40   00000   00000   00003   00030   00000   00000   00000   00000
0003c50   00000   00000   00000   00000   00000   00000   00003   00031
0003c60   00000   00000   00000   00000   00000   00000   00000   00000
0003c70   00000   00000   00003   00032   00000   00000   00000   00000
0003c80   00000   00000   00000   00000   00001   00000   00004   65521
0003c90   00000   00000   00000   00000   00000   00000   00000   00000
0003ca0   00012   00000   00002   00016   04240   00000   00000   00000
0003cb0   00000   00000   00000   00000   00014   00000   00002   00016
0003cc0   04288   00000   00000   00000   00000   00000   00000   00000
0003cd0   00033   00000   00002   00016   04352   00000   00000   00000
0003ce0   00000   00000   00000   00000   00055   00000   00001   00026
0003cf0   16400   00000   00000   00000   00001   00000   00000   00000
0003d00   00070   00000   00001   00022   15808   00000   00000   00000
0003d10   00000   00000   00000   00000   00109   00000   00002   00016
0003d20   04416   00000   00000   00000   00000   00000   00000   00000
0003d30   00121   00000   00001   00021   15800   00000   00000   00000
0003d40   00000   00000   00000   00000   00152   00000   00004   65521
0003d50   00000   00000   00000   00000   00000   00000   00000   00000
0003d60   00001   00000   00004   65521   00000   00000   00000   00000
0003d70   00000   00000   00000   00000   00159   00000   00001   00020
0003d80   08540   00000   00000   00000   00000   00000   00000   00000
0003d90   00000   00000   00004   65521   00000   00000   00000   00000
0003da0   00000   00000   00000   00000   00173   00000   00000   00021
0003db0   15808   00000   00000   00000   00000   00000   00000   00000
0003dc0   00190   00000   00001   00023   15816   00000   00000   00000
0003dd0   00000   00000   00000   00000   00199   00000   00000   00021
0003de0   15800   00000   00000   00000   00000   00000   00000   00000
0003df0   00218   00000   00000   00019   08212   00000   00000   00000
0003e00   00000   00000   00000   00000   00237   00000   00001   00024
0003e10   16312   00000   00000   00000   00000   00000   00000   00000
0003e20   00425   00000   00002   00012   04096   00000   00000   00000
0003e30   00000   00000   00000   00000   00259   00000   00018   00016
0003e40   04576   00000   00000   00000   00005   00000   00000   00000
0003e50   00275   00000   00032   00000   00000   00000   00000   00000
0003e60   00000   00000   00000   00000   00361   00000   00032   00025
0003e70   16384   00000   00000   00000   00000   00000   00000   00000
0003e80   00303   00000   00018   00000   00000   00000   00000   00000
0003e90   00000   00000   00000   00000   00321   00000   00016   00025
0003ea0   16400   00000   00000   00000   00000   00000   00000   00000
0003eb0   00269   00000   00530   00017   04584   00000   00000   00000
0003ec0   00000   00000   00000   00000   00328   00000   00018   00000
0003ed0   00000   00000   00000   00000   00000   00000   00000   00000
0003ee0   00359   00000   00016   00025   16384   00000   00000   00000
0003ef0   00000   00000   00000   00000   00372   00000   00032   00000
0003f00   00000   00000   00000   00000   00000   00000   00000   00000
0003f10   00387   00000   00529   00025   16392   00000   00000   00000
0003f20   00000   00000   00000   00000   00400   00000   00017   00018
0003f30   08192   00000   00000   00000   00004   00000   00000   00000
0003f40   00415   00000   00018   00016   04464   00000   00000   00000
0003f50   00101   00000   00000   00000   00185   00000   00016   00026
0003f60   16408   00000   00000   00000   00000   00000   00000   00000
0003f70   00365   00000   00018   00016   04192   00000   00000   00000
0003f80   00047   00000   00000   00000   00431   00000   00016   00026
0003f90   16400   00000   00000   00000   00000   00000   00000   00000
0003fa0   00443   00000   00018   00016   04425   00000   00000   00000
0003fb0   00027   00000   00000   00000   00448   00000   00529   00025
0003fc0   16400   00000   00000   00000   00000   00000   00000   00000
0003fd0   00460   00000   00032   00000   00000   00000   00000   00000
0003fe0   00000   00000   00000   00000   00486   00000   00034   00000
0003ff0   00000   00000   00000   00000   00000   00000   00000   00000
0004000   25344   29810   29811   26229   11878   00099   25956   25970
0004010   26983   29811   29285   29791   24429   27747   28271   29541
0004020   24320   25695   24431   27751   25199   27745   25695   28532
0004030   29554   24927   30837   25344   28015   27760   29797   25701
0004040   14382   13872   00049   24415   28516   26463   28524   24930
0004050   24428   29796   29295   24435   30049   24440   26982   26990
0004060   24927   29298   31073   25951   29806   31090   26112   24946
0004070   25965   25695   28021   31085   24320   26207   24946   25965
0004080   25695   28021   31085   26975   26990   24436   29281   24946
0004090   24441   28261   29300   00121   24941   28265   25390   24320
00040a0   18015   16722   17741   17759   17486   24415   24320   26975
00040b0   26990   24436   29281   24946   24441   28261   00100   17503
00040c0   20057   19777   17225   24320   26975   26990   24436   29281
00040d0   24946   24441   29811   29281   00116   24415   20039   24405
00040e0   18501   18015   16722   17741   18527   21060   24320   19527
00040f0   16975   19521   20319   17990   17747   24404   16724   19522
0004100   24389   24320   27743   25193   24419   29539   24437   26982
0004110   26990   24320   21577   24397   25956   25970   26983   29811
0004120   29285   19796   27715   28271   21605   25185   25964   28672
0004130   29813   16499   18240   18764   17218   12895   12846   13614
0004140   24320   25701   29793   00097   24415   26988   25442   29535
0004150   24948   29810   27999   26977   16494   18240   18764   17218
0004160   12895   12846   13614   24320   25695   29793   24417   29811
0004170   29281   00116   24415   28007   28271   29535   24948   29810
0004180   24415   24320   25695   28531   26719   28257   27748   00101
0004190   18783   24399   29811   26980   24430   29557   25701   24320
00041a0   27743   25193   24419   29539   24437   28265   29801   24320
00041b0   25183   29555   29535   24948   29810   27904   26977   00110
00041c0   24415   19796   24387   20037   24388   00095   18783   19796
00041d0   29279   26469   29545   25972   21618   17229   28524   25966
00041e0   24916   27746   00101   24415   30819   24417   26982   24942
00041f0   26988   25978   16448   19527   16969   24387   11826   11826
0004200   00053   11776   31091   29805   25185   11776   29811   29810
0004210   25185   11776   26739   29811   29810   25185   11776   28265
0004220   25972   28786   11776   28526   25972   26414   30062   28718
0004230   28530   25968   29810   00121   28206   29807   11877   28263
0004240   11893   30050   27753   11620   25705   11776   28526   25972
0004250   16686   18754   29741   26465   11776   28263   11893   24936
0004260   26739   11776   31076   29550   28025   11776   31076   29550
0004270   29300   11776   28263   11893   25974   29554   28521   00110
0004280   26414   30062   30254   29285   26995   28271   29279   11776
0004290   25970   24940   25646   28281   11776   25970   24940   28718
00042a0   29804   11776   28265   29801   11776   27760   11892   28519
00042b0   00116   28718   29804   29486   25445   11776   25972   29816
00042c0   11776   26982   26990   11776   28530   24932   24948   11776
00042d0   26725   26207   24946   25965   26719   29284   11776   26725
00042e0   26207   24946   25965   11776   28265   29801   24927   29298
00042f0   31073   11776   26982   26990   24927   29298   31073   11776
0004300   31076   24942   26989   00099   25646   29793   00097   25134
0004310   29555   11776   28515   28013   28261   00116   25646   25189
0004320   26485   24927   24946   26478   29541   11776   25956   30050
0004330   24423   28265   28518   11776   25956   30050   24423   25185
0004340   29282   30309   11776   25956   30050   24423   26988   25966
0004350   11776   25956   30050   24423   29811   00114   00000   00000
0004360   00000   00000   00000   00000   00000   00000   00000   00000
*
00043a0   00027   00000   00001   00000   00002   00000   00000   00000
00043b0   00792   00000   00000   00000   00792   00000   00000   00000
00043c0   00028   00000   00000   00000   00000   00000   00000   00000
00043d0   00001   00000   00000   00000   00000   00000   00000   00000
00043e0   00035   00000   00007   00000   00002   00000   00000   00000
00043f0   00824   00000   00000   00000   00824   00000   00000   00000
0004400   00032   00000   00000   00000   00000   00000   00000   00000
0004410   00008   00000   00000   00000   00000   00000   00000   00000
0004420   00054   00000   00007   00000   00002   00000   00000   00000
0004430   00856   00000   00000   00000   00856   00000   00000   00000
0004440   00036   00000   00000   00000   00000   00000   00000   00000
0004450   00004   00000   00000   00000   00000   00000   00000   00000
0004460   00073   00000   00007   00000   00002   00000   00000   00000
0004470   00892   00000   00000   00000   00892   00000   00000   00000
0004480   00032   00000   00000   00000   00000   00000   00000   00000
0004490   00004   00000   00000   00000   00000   00000   00000   00000
00044a0   00087   00000   65526   28671   00002   00000   00000   00000
00044b0   00928   00000   00000   00000   00928   00000   00000   00000
00044c0   00036   00000   00000   00000   00006   00000   00000   00000
00044d0   00008   00000   00000   00000   00000   00000   00000   00000
00044e0   00097   00000   00011   00000   00002   00000   00000   00000
00044f0   00968   00000   00000   00000   00968   00000   00000   00000
0004500   00168   00000   00000   00000   00007   00000   00001   00000
0004510   00008   00000   00000   00000   00024   00000   00000   00000
0004520   00105   00000   00003   00000   00002   00000   00000   00000
0004530   01136   00000   00000   00000   01136   00000   00000   00000
0004540   00130   00000   00000   00000   00000   00000   00000   00000
0004550   00001   00000   00000   00000   00000   00000   00000   00000
0004560   00113   00000   65535   28671   00002   00000   00000   00000
0004570   01266   00000   00000   00000   01266   00000   00000   00000
0004580   00014   00000   00000   00000   00006   00000   00000   00000
0004590   00002   00000   00000   00000   00002   00000   00000   00000
00045a0   00126   00000   65534   28671   00002   00000   00000   00000
00045b0   01280   00000   00000   00000   01280   00000   00000   00000
00045c0   00032   00000   00000   00000   00007   00000   00001   00000
00045d0   00008   00000   00000   00000   00000   00000   00000   00000
00045e0   00141   00000   00004   00000   00002   00000   00000   00000
00045f0   01312   00000   00000   00000   01312   00000   00000   00000
0004600   00192   00000   00000   00000   00006   00000   00000   00000
0004610   00008   00000   00000   00000   00024   00000   00000   00000
0004620   00151   00000   00004   00000   00066   00000   00000   00000
0004630   01504   00000   00000   00000   01504   00000   00000   00000
0004640   00024   00000   00000   00000   00006   00000   00024   00000
0004650   00008   00000   00000   00000   00024   00000   00000   00000
0004660   00161   00000   00001   00000   00006   00000   00000   00000
0004670   04096   00000   00000   00000   04096   00000   00000   00000
0004680   00027   00000   00000   00000   00000   00000   00000   00000
0004690   00004   00000   00000   00000   00000   00000   00000   00000
00046a0   00156   00000   00001   00000   00006   00000   00000   00000
00046b0   04128   00000   00000   00000   04128   00000   00000   00000
00046c0   00032   00000   00000   00000   00000   00000   00000   00000
00046d0   00016   00000   00000   00000   00016   00000   00000   00000
00046e0   00167   00000   00001   00000   00006   00000   00000   00000
00046f0   04160   00000   00000   00000   04160   00000   00000   00000
0004700   00016   00000   00000   00000   00000   00000   00000   00000
0004710   00016   00000   00000   00000   00016   00000   00000   00000
0004720   00176   00000   00001   00000   00006   00000   00000   00000
0004730   04176   00000   00000   00000   04176   00000   00000   00000
0004740   00016   00000   00000   00000   00000   00000   00000   00000
0004750   00016   00000   00000   00000   00016   00000   00000   00000
0004760   00185   00000   00001   00000   00006   00000   00000   00000
0004770   04192   00000   00000   00000   04192   00000   00000   00000
0004780   00389   00000   00000   00000   00000   00000   00000   00000
0004790   00016   00000   00000   00000   00000   00000   00000   00000
00047a0   00191   00000   00001   00000   00006   00000   00000   00000
00047b0   04584   00000   00000   00000   04584   00000   00000   00000
00047c0   00013   00000   00000   00000   00000   00000   00000   00000
00047d0   00004   00000   00000   00000   00000   00000   00000   00000
00047e0   00197   00000   00001   00000   00002   00000   00000   00000
00047f0   08192   00000   00000   00000   08192   00000   00000   00000
0004800   00019   00000   00000   00000   00000   00000   00000   00000
0004810   00004   00000   00000   00000   00000   00000   00000   00000
0004820   00205   00000   00001   00000   00002   00000   00000   00000
0004830   08212   00000   00000   00000   08212   00000   00000   00000
0004840   00068   00000   00000   00000   00000   00000   00000   00000
0004850   00004   00000   00000   00000   00000   00000   00000   00000
0004860   00219   00000   00001   00000   00002   00000   00000   00000
0004870   08280   00000   00000   00000   08280   00000   00000   00000
0004880   00264   00000   00000   00000   00000   00000   00000   00000
0004890   00008   00000   00000   00000   00000   00000   00000   00000
00048a0   00229   00000   00014   00000   00003   00000   00000   00000
00048b0   15800   00000   00000   00000   11704   00000   00000   00000
00048c0   00008   00000   00000   00000   00000   00000   00000   00000
00048d0   00008   00000   00000   00000   00008   00000   00000   00000
00048e0   00241   00000   00015   00000   00003   00000   00000   00000
00048f0   15808   00000   00000   00000   11712   00000   00000   00000
0004900   00008   00000   00000   00000   00000   00000   00000   00000
0004910   00008   00000   00000   00000   00008   00000   00000   00000
0004920   00253   00000   00006   00000   00003   00000   00000   00000
0004930   15816   00000   00000   00000   11720   00000   00000   00000
0004940   00496   00000   00000   00000   00007   00000   00000   00000
0004950   00008   00000   00000   00000   00016   00000   00000   00000
0004960   00171   00000   00001   00000   00003   00000   00000   00000
0004970   16312   00000   00000   00000   12216   00000   00000   00000
0004980   00072   00000   00000   00000   00000   00000   00000   00000
0004990   00008   00000   00000   00000   00008   00000   00000   00000
00049a0   00262   00000   00001   00000   00003   00000   00000   00000
00049b0   16384   00000   00000   00000   12288   00000   00000   00000
00049c0   00016   00000   00000   00000   00000   00000   00000   00000
00049d0   00008   00000   00000   00000   00000   00000   00000   00000
00049e0   00268   00000   00008   00000   00003   00000   00000   00000
00049f0   16400   00000   00000   00000   12304   00000   00000   00000
0004a00   00008   00000   00000   00000   00000   00000   00000   00000
0004a10   00001   00000   00000   00000   00000   00000   00000   00000
0004a20   00273   00000   00001   00000   00048   00000   00000   00000
0004a30   00000   00000   00000   00000   12304   00000   00000   00000
0004a40   00043   00000   00000   00000   00000   00000   00000   00000
0004a50   00001   00000   00000   00000   00001   00000   00000   00000
0004a60   00282   00000   00001   00000   00000   00000   00000   00000
0004a70   00000   00000   00000   00000   12347   00000   00000   00000
0004a80   00048   00000   00000   00000   00000   00000   00000   00000
0004a90   00001   00000   00000   00000   00000   00000   00000   00000
0004aa0   00297   00000   00001   00000   00000   00000   00000   00000
0004ab0   00000   00000   00000   00000   12395   00000   00000   00000
0004ac0   00965   00000   00000   00000   00000   00000   00000   00000
0004ad0   00001   00000   00000   00000   00000   00000   00000   00000
0004ae0   00309   00000   00001   00000   00000   00000   00000   00000
0004af0   00000   00000   00000   00000   13360   00000   00000   00000
0004b00   00225   00000   00000   00000   00000   00000   00000   00000
0004b10   00001   00000   00000   00000   00000   00000   00000   00000
0004b20   00323   00000   00001   00000   00000   00000   00000   00000
0004b30   00000   00000   00000   00000   13585   00000   00000   00000
0004b40   00325   00000   00000   00000   00000   00000   00000   00000
0004b50   00001   00000   00000   00000   00000   00000   00000   00000
0004b60   00335   00000   00001   00000   00048   00000   00000   00000
0004b70   00000   00000   00000   00000   13910   00000   00000   00000
0004b80   00793   00000   00000   00000   00000   00000   00000   00000
0004b90   00001   00000   00000   00000   00001   00000   00000   00000
0004ba0   00001   00000   00002   00000   00000   00000   00000   00000
0004bb0   00000   00000   00000   00000   14704   00000   00000   00000
0004bc0   01680   00000   00000   00000   00034   00000   00051   00000
0004bd0   00008   00000   00000   00000   00024   00000   00000   00000
0004be0   00009   00000   00003   00000   00000   00000   00000   00000
0004bf0   00000   00000   00000   00000   16384   00000   00000   00000
0004c00   00514   00000   00000   00000   00000   00000   00000   00000
0004c10   00001   00000   00000   00000   00000   00000   00000   00000
0004c20   00017   00000   00003   00000   00000   00000   00000   00000
0004c30   00000   00000   00000   00000   16898   00000   00000   00000
0004c40   00346   00000   00000   00000   00000   00000   00000   00000
0004c50   00001   00000   00000   00000   00000   00000   00000   00000
0004c60
